DIMENSION: 127
ALPHA: 5
BEST_COST: 549360.48

RING:
37 36 41 14 30 27 31 79 80 78 117 84 81 126 82 83 102 63 119 96 109 88 87 86 85 110 71 68 70 69 75 76 77 18 74 73 67 8 72 19 23 4 22 21 17 20 108 15 106 6 24 9 11 114 105 7 1 16 2 51 50 115 13 120 10 3 90 116 60 62 61 91 100 58 64 113 125 92 89 65 66 55 47 49 46 112 111 94 48 118 53 124 52 5 56 121 57 54 44 45 103 93 95 123 97 28 122 33 29 25 26 38 39 34 43 40 35 37

ASSIGNMENTS:
12 -> 14
32 -> 29
42 -> 39
59 -> 62
98 -> 97
99 -> 92
101 -> 102
104 -> 125
107 -> 111
127 -> 93
